STN--- WBAN   YEARMODA    TEMP       DEWP      SLP        STP       VISIB      WDSP     MXSPD   GUST    MAX     MIN   PRCP   SNDP   FRSHTT 
724940 23234  20110101    48.6 24    42.2 24  1017.2 24  1014.2  4    9.7 24    6.3 24   13.0  999.9    52.0    37.9   0.03G 999.9  010000 
724940 23234  20110102    50.6 24    45.7 24  1014.4 21  9999.9  0    9.7 24    8.2 24   13.0  999.9    52.0    46.9   0.11G 999.9  010000 
724940 23234  20110103    48.7 24    43.7 24  1016.9 20  9999.9  0    9.3 24    4.6 24   13.0  999.9    53.6*   44.6*  0.30G 999.9  010000 
724940 23234  20110104    47.1 24    41.8 24  1022.8 24  1019.1  4    9.5 24    2.5 24    7.0  999.9    53.1    39.0   0.00G 999.9  000000 
724940 23234  20110105    46.2 24    40.1 24  1025.9 24  1022.8  4    9.9 24    1.7 24    5.1  999.9    53.6*   39.2*  0.00I 999.9  000000 
724940 23234  20110106    45.7 24    38.8 24  1024.5 24  1021.9  4    9.7 24    4.3 24    9.9  999.9    55.0    37.0   0.00I 999.9  000000 
724940 23234  20110107    43.3 24    38.2 24  1020.5 24  1017.9  4    7.7 24    4.7 24    8.9  999.9    52.0    37.9   0.00I 999.9  000000 
724940 23234  20110108    45.4 24    40.8 24  1018.4 22  9999.9  0    6.1 24    3.5 24    8.0  999.9    48.2*   42.8*  0.00I 999.9  000000 
724940 23234  20110109    44.3 24    38.3 24  1019.0 24  9999.9  0    9.2 24    4.9 24   11.1  999.9    48.9    41.0   0.00I 999.9  000000 
724940 23234  20110110    42.3 24    32.0 24  1022.2 24  1019.0  4   10.0 24    4.5 24   14.0  999.9    48.2*   35.6*  0.00I 999.9  000000 
724940 23234  20110111    45.8 24    34.0 24  1022.0 24  1019.1  4    9.7 24    5.2 24   13.0  999.9    48.9    36.0  99.99  999.9  010000 
724940 23234  20110112    49.0 24    42.5 24  1025.4 24  1021.9  4    9.6 24    2.3 24    5.1  999.9    53.6*   46.4*  0.04G 999.9  010000 
724940 23234  20110113    49.8 24    45.5 24  1027.8 23  1024.8  4    7.9 24    1.9 24    8.9  999.9    55.4*   46.4*  0.00G 999.9  010000 
724940 23234  20110114    53.0 24    50.5 24  1028.6 16  1025.6  4    5.5 24    3.2 24    8.9  999.9    55.9    45.0   0.15G 999.9  110000 
724940 23234  20110115    52.4 24    48.1 24  1026.3 24  1023.8  4    9.6 24    1.6 24    9.9  999.9    59.0*   46.4*  0.00G 999.9  000000 
724940 23234  20110116    51.9 24    48.1 24  1023.7 18  9999.9  0    5.4 24    3.7 24   11.1  999.9    63.0    46.9   0.00I 999.9  100000 
724940 23234  20110117    50.0 24    48.2 24  1023.9 19  1020.9  4    3.0 24    2.9 24   16.9  999.9    57.0    48.0   0.00I 999.9  100000 
724940 23234  20110118    50.7 24    47.7 24  1020.3 21  1017.6  4    5.0 24    3.5 24   11.1  999.9    57.0    46.0   0.00I 999.9  100000 
724940 23234  20110119    54.7 24    46.6 24  1018.9 23  1016.0  4   10.0 24    8.8 24   22.0   28.0    60.8*   51.1*  0.00I 999.9  000000 
724940 23234  20110120    54.4 24    41.3 24  1020.0 24  1016.6  4   10.0 24    5.5 24   13.0   19.0    62.6*   46.9*  0.00I 999.9  000000 
724940 23234  20110121    51.5 24    42.5 24  1020.7 24  9999.9  0    8.3 24    1.6 24    5.1  999.9    63.0    43.0   0.00I 999.9  000000 
724940 23234  20110122    52.4 24    44.1 24  1017.4 24  9999.9  0    9.7 24    3.0 24   11.1  999.9    62.6*   44.6*  0.00I 999.9  000000 
724940 23234  20110123    56.0 24    40.8 24  1018.1 24  1014.8  4   10.0 24    4.3 24    8.9  999.9    66.9    46.9   0.00I 999.9  000000 
724940 23234  20110124    51.4 24    40.6 24  1021.3 24  1018.3  4    9.7 24    2.1 24    5.1  999.9    63.0    43.0   0.00I 999.9  000000 
724940 23234  20110125    54.1 23    43.5 23  1019.8 23  9999.9  0    9.7 23    1.9 23   14.0  999.9    68.0    44.1   0.00I 999.9  000000 
724940 23234  20110126    54.5 24    43.9 24  1019.9 24  1016.4  4    9.9 24    2.3 24    9.9  999.9    68.0    46.0   0.00I 999.9  000000 
724940 23234  20110127    54.3 24    45.5 24  1023.3 24  1019.8  4    9.3 24    2.9 24    6.0  999.9    64.9    44.1   0.00I 999.9  000000 
724940 23234  20110128    51.0 24    46.1 24  1021.4 24  1018.9  4    6.5 24    4.3 24    9.9  999.9    62.1    46.0   0.00I 999.9  100000 
724940 23234  20110129    51.4 24    45.9 24  1019.3 20  9999.9  0    9.8 24    6.2 24   11.1  999.9    55.4*   50.0*  0.00I 999.9  000000 
724940 23234  20110130    53.6 24    47.2 24  1016.9 21  9999.9  0    9.4 24    8.9 24   14.0   20.0    57.0    48.9   0.18G 999.9  010000 
724940 23234  20110131    48.7 24    43.5 24  1023.5 24  1019.8  4   10.0 24    5.6 24   14.0  999.9    57.0    41.0   0.13G 999.9  000000 
724940 23234  20110201    50.9 24    44.7 24  1022.7 19  1020.2  4    9.9 24    7.0 24   21.0  999.9    62.6*   46.0*  0.00G 999.9  000000 
724940 23234  20110202    55.4 24    29.6 24  1024.6 24  1020.8  4   10.0 24    9.5 24   15.9  999.9    63.0    45.0   0.00I 999.9  000000 
724940 23234  20110203    50.7 24    34.0 24  1030.4 24  1027.0  4   10.0 24    2.8 24   11.1  999.9    62.1    41.0   0.00I 999.9  000000 
724940 23234  20110204    50.6 24    41.9 24  1029.1 24  1026.3  4   10.0 24    3.3 24    9.9  999.9    62.6*   44.1*  0.00I 999.9  000000 
724940 23234  20110205    54.6 24    44.4 24  1025.1 24  1022.3  4   10.0 24    3.7 24   12.0  999.9    73.0    43.0   0.00I 999.9  000000 
724940 23234  20110206    64.6 24    44.3 24  1022.6 24  9999.9  0   10.0 24   10.7 24   19.0  999.9    73.0    46.9   0.00I 999.9  000000 
724940 23234  20110207    57.5 24    46.2 24  1023.2 24  9999.9  0   10.0 24    4.7 24   16.9  999.9    72.0    48.0   0.00I 999.9  000000 
724940 23234  20110208    54.5 24    33.5 24  1018.8 24  1015.9  4   10.0 24   16.5 24   25.1   30.9    66.0    50.0   0.00I 999.9  000000 
724940 23234  20110209    53.3 24    30.9 24  1021.7 24  1018.1  4   10.0 24    7.1 24   13.0  999.9    60.1    42.1   0.00I 999.9  000000 
724940 23234  20110210    50.8 24    34.7 24  1022.2 24  9999.9  0   10.0 24    2.1 24    8.0  999.9    62.6*   41.0*  0.00I 999.9  000000 
724940 23234  20110211    51.3 24    36.6 24  1022.1 24  9999.9  0   10.0 24    4.2 24   12.0  999.9    64.0    41.0   0.00I 999.9  000000 
724940 23234  20110212    53.5 24    41.7 24  1023.8 24  1020.6  4    9.5 24    0.6 24    4.1  999.9    64.0    42.1   0.00I 999.9  000000 
724940 23234  20110213    49.6 24    42.9 24  1021.1 23  1018.8  4    7.8 24    6.2 24   14.0  999.9    66.9    43.0   0.00I 999.9  000000 
724940 23234  20110214    52.9 24    44.1 24  1017.1 22  1013.8  4    9.5 24   11.9 24   19.0   29.9    57.2*   50.0*  0.03B 999.9  010000 
724940 23234  20110215    54.9 24    46.9 24  1018.9 21  9999.9  0    9.1 24   11.8 24   21.0   30.9    60.8*   51.8*  0.15G 999.9  010000 
724940 23234  20110216    52.6 24    43.3 24  1010.4 22  9999.9  0    8.4 24   17.0 24   27.0   37.9    60.1*   46.4*  0.69G 999.9  010000 
724940 23234  20110217    47.3 24    39.7 24  1012.3 22  1009.5  4    8.9 24   12.3 24   28.9   37.9    54.0    43.0   0.57G 999.9  010000 
724940 23234  20110218    45.6 24    40.6 24  1011.3 20  9999.9  0    9.5 24    5.7 24   18.1  999.9    51.8*   39.2*  0.70G 999.9  010000 
724940 23234  20110219    42.4 24    37.8 24  1007.3 15  9999.9  0    8.0 24    8.0 24   20.0   26.0    48.9    39.0   0.92G 999.9  010000 
724940 23234  20110220    44.4 24    37.9 24  1016.8 22  1012.2  4    9.8 24    5.9 24   14.0  999.9    53.6*   37.4*  0.80G 999.9  010000 
724940 23234  20110221    46.4 24    36.6 24  1018.2 23  1015.9  4   10.0 24    6.6 24   14.0  999.9    53.1    39.0   0.00G 999.9  010000 
724940 23234  20110222    48.4 24    37.4 24  1017.7 24  1014.1  4   10.0 24    5.0 24   13.0  999.9    55.4*   39.2*  0.00A 999.9  000000 
724940 23234  20110223    47.9 24    40.0 24  1019.4 24  1016.3  4   10.0 24    6.4 24   18.1  999.9    55.9    41.0   0.00I 999.9  000000 
724940 23234  20110224    48.3 24    38.8 24  1021.8 24  9999.9  0   10.0 24    9.4 24   20.0   25.1    53.1    41.0   0.01A 999.9  010000 
724940 23234  20110225    49.1 24    42.3 24  1014.6 21  9999.9  0    8.7 24   14.4 24   26.0   35.0    53.6*   44.6*  0.53G 999.9  010000 
724940 23234  20110226    41.9 24    29.9 24  1012.0 24  1009.0  4   10.0 24    6.3 24   16.9   21.0    53.1    35.1   0.43G 999.9  000000 
724940 23234  20110227    44.4 24    34.5 24  1015.7 24  1011.9  4   10.0 24    6.0 24   15.0   20.0    53.6*   37.4*  0.00G 999.9  000000 
724940 23234  20110228    46.7 24    37.2 24  1022.9 24  9999.9  0   10.0 24    6.5 24   16.9  999.9    55.4*   39.2*  0.00I 999.9  000000 
724940 23234  20110301    47.7 24    37.4 24  1021.3 24  1020.7 24   10.0 24    5.9 24   20.0   22.9    59.0    39.9   0.00G 999.9  000000 
724940 23234  20110302    53.6 24    45.6 24  1015.7 23  1015.9 14    9.3 24   12.2 24   20.0   28.0    57.9    48.0   0.09G 999.9  010000 
724940 23234  20110303    54.8 24    49.4 24  1022.3 21  1021.6 23    9.9 24    4.8 24   12.0  999.9    61.0    48.9   0.04G 999.9  000000 
724940 23234  20110304    51.4 24    45.5 24  1024.8 22  1024.4 24    9.9 24    3.7 24   14.0  999.9    61.0    44.1   0.00G 999.9  000000 
724940 23234  20110305    53.5 24    44.6 24  1024.4 24  1023.9 24   10.0 24    5.0 24   13.0  999.9    64.0    45.0   0.00G 999.9  000000 
724940 23234  20110306    55.2 24    51.7 24  1016.8 17  1015.6  9    7.7 24    5.6 24   13.0   17.1    57.9*   53.6*  0.07G 999.9  000000 
724940 23234  20110307    52.7 24    44.1 24  1015.8 21  1015.4 21    9.5 24   16.7 24   26.0   33.0    59.0    48.9   0.45G 999.9  000000 
724940 23234  20110308    53.6 24    48.3 24  1023.0 20  1022.7 18    9.0 24    7.8 24   15.9  999.9    59.0    50.0   0.00G 999.9  000000 
724940 23234  20110309    52.8 24    47.1 24  1025.7 24  1025.2 24    9.9 24    5.1 24   14.0  999.9    59.0    46.9   0.00G 999.9  000000 
724940 23234  20110310    53.4 24    46.7 24  1022.8 22  1022.3 20    9.7 24    7.4 24   15.0  999.9    61.0    46.0   0.00G 999.9  000000 
724940 23234  20110311    52.2 24    45.2 24  1022.5 22  1021.9 23    9.6 24    8.9 24   18.1   19.0    60.1    45.0   0.01G 999.9  000000 
724940 23234  20110312    52.4 24    43.2 24  1021.6 24  1021.1 24   10.0 24    6.7 24   15.9  999.9    60.1*   46.0*  0.00G 999.9  000000 
724940 23234  20110313    55.3 24    47.1 24  1021.8 24  1021.2 21    9.5 24    6.3 24   14.0   20.0    64.0*   52.0*  0.00G 999.9  010000 
724940 23234  20110314    57.5 24    54.2 24  1024.0 19  1023.4 11    9.2 24    6.3 24   15.0   17.1    64.0    51.1   0.20G 999.9  000000 
724940 23234  20110315    57.6 24    52.2 24  1022.2 16  1022.1 21    9.8 24    6.8 24   18.1   22.0    61.0    55.0   0.12G 999.9  000000 
724940 23234  20110316    55.2 24    49.8 24  1021.4 18  1021.6 17    8.8 24    8.7 24   15.0   21.0    61.0    53.1   0.24G 999.9  000000 
724940 23234  20110317    50.9 24    41.5 24  1024.1 24  1023.5 24   10.0 24    6.4 24   14.0  999.9    59.0    42.1   0.01G 999.9  000000 
724940 23234  20110318    52.0 24    44.2 24  1018.1 24  1018.5 15    8.9 24   10.5 24   27.0   36.9    59.0    44.1   0.02G 999.9  010000 
724940 23234  20110319    47.7 24    42.3 24  1013.4 19  1013.5 13    9.0 24    9.9 24   15.9  999.9    55.9    45.0   0.77G 999.9  010000 
724940 23234  20110320    51.7 24    43.1 24   999.5 22   999.2 13    9.2 24   14.7 24   29.9   46.0    57.0    46.9   1.03G 999.9  000000 
724940 23234  20110321    50.4 24    40.6 24  1006.9 24  1005.9 21   10.0 24    8.9 24   20.0   24.1    57.0    46.0   0.02G 999.9  010000 
724940 23234  20110322    50.4 24    40.7 24  1017.5 23  1016.9 22   10.0 24    8.4 24   15.0   19.0    57.9    46.0   0.08G 999.9  010000 
724940 23234  20110323    51.6 24    43.2 24  1011.1 18  1009.5 11    9.3 24   12.2 24   21.0   22.9    57.9    48.0   0.23G 999.9  010000 
724940 23234  20110324    49.8 24    43.9 24  1008.9 21  1009.1  9    7.5 24   13.8 24   28.9  999.9    55.9    46.9   0.23G 999.9  010000 
724940 23234  20110325    50.9 24    42.0 24  1013.2 24  1013.1 22   10.0 24    8.4 24   14.0   18.1    57.9    46.0   1.48G 999.9  000000 
724940 23234  20110326    52.1 24    44.7 24  1013.0 18  1012.8 13    8.5 24    9.9 24   14.0   19.0    57.9    46.9   0.22G 999.9  010000 
724940 23234  20110327    51.1 24    42.2 24  1016.6 24  1016.1 24   10.0 24    6.4 24   14.0   20.0    57.9    45.0   0.39G 999.9  000000 
724940 23234  20110328    52.4 24    44.5 24  1020.0 22  1019.3 23    9.8 24    7.8 24   15.0   21.0    59.0    45.0   0.02G 999.9  000000 
724940 23234  20110329    53.8 24    45.1 24  1022.5 24  1022.0 24   10.0 24   11.7 24   22.0   27.0    62.1*   48.0*  0.00G 999.9  000000 
724940 23234  20110330    57.8 24    50.1 24  1023.9 21  1023.4 24   10.0 24   10.9 24   25.1   28.9    75.0    48.0   0.00G 999.9  000000 
724940 23234  20110331    63.8 24    51.4 24  1019.9 24  1019.3 24   10.0 24    4.5 24   15.0  999.9    80.1    52.0   0.00G 999.9  000000 
724940 23234  20110401    64.1 24    52.8 24  1012.1 24  1011.5 24   10.0 24    4.5 24   15.0  999.9    80.1    54.0   0.00G 999.9  000000 
724940 23234  20110402    56.5 24    47.8 24  1010.4 21  1009.8 24    9.9 24   14.2 24   21.0   22.9    78.1    53.1   0.00G 999.9  000000 
724940 23234  20110403    54.1 24    40.2 24  1016.7 24  1016.2 24    9.9 24    9.1 24   17.1  999.9    62.1    46.0   0.00G 999.9  000000 
724940 23234  20110404    57.1 24    41.2 24  1020.2 24  1019.7 24   10.0 24    4.9 24   17.1  999.9    73.0*   48.0*  0.00G 999.9  000000 
724940 23234  20110405    56.3 24    43.4 24  1017.1 24  1016.6 24   10.0 24   15.4 24   26.0   35.0    73.9    48.0   0.00G 999.9  000000 
724940 23234  20110406    52.5 24    42.6 24  1017.1 24  1016.5 24    9.9 24   15.6 24   32.1   44.1    61.0    46.9   0.00G 999.9  000000 
724940 23234  20110407    49.8 24    38.7 24  1015.5 22  1015.0 20   10.0 24   15.9 24   28.0   34.0    54.0*   44.6*  0.04G 999.9  000000 
724940 23234  20110408    48.3 24    33.8 24  1009.7 23  1009.2 24   10.0 24    9.3 24   28.0   33.0    57.9    41.0   0.00I 999.9  000000 
724940 23234  20110409    51.0 24    39.9 24  1013.7 24  1013.1 24   10.0 24   10.9 24   22.9   28.9    57.9    41.0   0.00G 999.9  000000 
724940 23234  20110410    52.1 24    40.4 24  1024.4 20  1023.8 24   10.0 24    9.3 24   19.0   26.0    59.0    46.0   0.00G 999.9  000000 
724940 23234  20110411    54.0 24    44.5 24  1026.7 24  1026.2 24   10.0 24    7.1 24   15.9   18.1    60.1*   50.0*  0.00G 999.9  000000 
724940 23234  20110412    50.9 24    40.5 24  1020.9 22  1020.3 24   10.0 24   13.9 24   26.0  999.9    55.0*   46.4*  0.00G 999.9  000000 
724940 23234  20110413    51.1 24    39.8 24  1021.5 22  1021.0 24   10.0 24   11.3 24   25.1  999.9    57.9    46.0   0.00G 999.9  000000 
724940 23234  20110414    51.4 24    39.2 24  1028.7 24  1028.1 24   10.0 24    8.5 24   18.1   21.0    61.0    46.0   0.15G 999.9  000000 
724940 23234  20110415    55.0 24    44.9 24  1026.7 24  1026.1 24   10.0 24    8.4 24   17.1   20.0    64.9*   48.9*  0.00G 999.9  000000 
724940 23234  20110416    56.7 24    50.8 24  1021.4 20  1020.9 24   10.0 24   12.3 24   22.0   28.9    66.0    48.9   0.00G 999.9  000000 
724940 23234  20110417    56.1 24    51.0 24  1016.7 19  1016.2 22    9.1 24   14.8 24   22.0   28.9    66.0    53.1   0.00G 999.9  000000 
724940 23234  20110418    55.6 24    49.9 24  1015.4 21  1014.8 22    9.4 24    7.2 24   21.0   26.0    62.1    53.1   0.00G 999.9  000000 
724940 23234  20110419    58.6 24    50.4 24  1015.7 21  1015.1 23    9.7 24    6.8 24   15.0  999.9    66.0    52.0   0.03G 999.9  000000 
724940 23234  20110420    56.9 24    46.2 24  1015.3 23  1014.7 23   10.0 24    9.0 24   18.1   25.1    66.0    53.1   0.00G 999.9  000000 
724940 23234  20110421    54.9 24    46.6 24  1017.8 18  1017.5 18    9.1 24   10.8 24   18.1   22.0    59.0*   48.2*  0.05G 999.9  000000 
724940 23234  20110422    52.6 24    43.5 24  1018.1 23  1017.6 24   10.0 24   10.2 24   15.0   22.9    60.1    48.0   0.03G 999.9  000000 
724940 23234  20110423    53.8 24    44.4 24  1014.7 22  1014.3 24   10.0 24    5.8 24   13.0  999.9    62.1    48.0   0.00G 999.9  000000 
724940 23234  20110424    56.6 24    50.3 24  1015.4 17  1014.7 16    8.5 24   11.2 24   24.1   29.9    62.1    48.9   0.01G 999.9  000000 
724940 23234  20110425    55.9 24    48.0 24  1021.5 21  1021.0 21    9.6 24   12.3 24   22.9   31.1    62.1    53.1   0.03G 999.9  010000 
724940 23234  20110426    54.7 24    42.0 24  1022.7 24  1022.1 24   10.0 24   11.6 24   22.0   26.0    62.1    48.9   0.02G 999.9  000000 
724940 23234  20110427    53.9 24    41.6 24  1021.7 24  1021.1 24   10.0 24   14.8 24   22.0   33.0    62.1    48.9   0.00G 999.9  000000 
724940 23234  20110428    54.6 24    42.2 24  1022.4 24  1021.8 24   10.0 24   13.9 24   32.1   39.0    61.0    48.9   0.00G 999.9  000000 
724940 23234  20110429    53.1 24    35.8 24  1024.0 24  1023.4 24   10.0 24   16.0 24   28.0   35.9    63.0*   45.0*  0.00G 999.9  000000 
724940 23234  20110430    59.7 24    34.4 24  1022.1 23  1021.6 24   10.0 24   16.6 24   25.1   28.0    69.1    45.0   0.00G 999.9  000000 
724940 23234  20110501    57.6 24    40.0 24  1021.4 24  1020.7 24   10.0 24    7.5 24   22.9  999.9    75.9    46.9   0.00G 999.9  000000 
724940 23234  20110502    58.5 24    40.7 24  1023.4 24  1022.8 24   10.0 24   12.3 24   21.0  999.9    75.9    46.9   0.00G 999.9  000000 
724940 23234  20110503    56.4 24    44.3 24  1023.0 23  1022.5 24   10.0 24   13.3 24   22.9   29.9    69.1    48.9   0.00G 999.9  000000 
724940 23234  20110504    63.6 24    41.1 24  1017.5 24  1016.9 24   10.0 24    5.7 24   18.1  999.9    84.0    50.0   0.00G 999.9  000000 
724940 23234  20110505    64.0 24    45.1 24  1015.9 24  1015.3 24   10.0 24    8.7 24   18.1  999.9    84.0    52.0   0.00G 999.9  000000 
724940 23234  20110506    56.9 24    45.5 24  1015.3 19  1014.8 24   10.0 24   17.8 24   27.0   33.0    78.1    50.0   0.00G 999.9  000000 
724940 23234  20110507    53.8 24    44.7 24  1015.2 21  1014.6 24   10.0 24   17.0 24   26.0   34.0    60.1    50.0   0.00G 999.9  000000 
724940 23234  20110508    54.5 24    44.7 24  1014.3 21  1013.8 24   10.0 24   14.7 24   24.1   31.1    61.0    51.1   0.00G 999.9  000000 
724940 23234  20110509    53.7 24    42.3 24  1013.8 24  1013.3 24   10.0 24   14.5 24   25.1   33.0    63.0    46.9   0.00G 999.9  000000 
724940 23234  20110510    54.6 24    45.1 24  1014.5 23  1013.9 24   10.0 24   13.2 24   22.9   26.0    63.0    48.0   0.00G 999.9  000000 
724940 23234  20110511    53.2 24    44.6 24  1016.6 20  1016.1 24   10.0 24   12.0 24   22.0   26.0    62.1    50.0   0.00G 999.9  000000 
724940 23234  20110512    56.0 24    46.0 24  1021.1 21  1019.6 24   10.0 24   14.3 24   25.1   33.0    63.0    51.1   0.00G 999.9  000000 
724940 23234  20110513    53.7 24    42.7 24  1020.5 24  1017.2 24   10.0 24   13.0 24   25.1   29.9    63.0    48.0   0.00G 999.9  000000 
724940 23234  20110514    53.3 24    41.3 24  1014.1 22  1013.7 24   10.0 24   11.9 24   18.1   26.0    60.1    48.0   0.00G 999.9  000000 
724940 23234  20110515    52.1 24    40.2 24  1012.2 24  1012.6 18    9.9 24    9.9 24   15.9   22.9    60.1    46.0   0.14G 999.9  000000 
724940 23234  20110516    54.1 24    41.5 24  1016.1 24  1015.9 22   10.0 24    8.1 24   15.0   26.0    60.1    46.0   0.05G 999.9  000000 
724940 23234  20110517    52.8 24    46.5 24  1010.1 19  1009.5 13    8.5 24   11.5 24   18.1   21.0    61.0    50.0   0.09G 999.9  000000 
724940 23234  20110518    55.3 24    47.1 24  1010.3 18  1009.7 20    9.8 24   12.2 24   22.0   26.0    63.0    50.0   0.11G 999.9  010000 
724940 23234  20110519    56.1 24    47.6 24  1014.9 23  1014.4 24    9.9 24    9.2 24   26.0   27.0    68.0    48.9   0.00G 999.9  000000 
724940 23234  20110520    56.2 24    47.2 24  1017.6 20  1017.3 24   10.0 24   10.6 24   21.0   28.9    68.0    50.0   0.00G 999.9  000000 
724940 23234  20110521    56.4 24    46.2 24  1016.6 22  1016.1 24   10.0 24   16.3 24   28.0   35.0    64.0    52.0   0.00G 999.9  000000 
724940 23234  20110522    55.0 24    45.5 24  1014.8 20  1014.2 24   10.0 24   18.9 24   38.1   47.0    62.1    51.1   0.00G 999.9  000000 
724940 23234  20110523    54.9 24    43.5 24  1015.9 23  1015.4 24   10.0 24   22.9 24   34.0   42.9    64.0    50.0   0.00G 999.9  000000 
724940 23234  20110524    54.4 24    43.4 24  1018.8 24  1018.3 24   10.0 24   17.9 24   34.0   40.0    64.0    48.9   0.00G 999.9  000000 
724940 23234  20110525    54.9 24    44.6 24  1017.9 21  1017.3 22    9.4 24    9.5 24   21.0   25.1    62.1    48.9   0.00G 999.9  000000 
724940 23234  20110526    57.0 24    44.4 24  1021.1 23  1020.6 24   10.0 24    8.2 24   20.0   27.0    64.0    48.9   0.01G 999.9  000000 
724940 23234  20110527    57.3 24    47.7 24  1021.2 19  1020.6 24   10.0 24    9.5 24   17.1   19.0    64.0    50.0   0.00G 999.9  000000 
724940 23234  20110528    56.6 24    45.1 24  1015.9 19  1016.0 24   10.0 24   13.7 24   21.0   27.0    64.0    53.1   0.00G 999.9  000000 
724940 23234  20110529    55.1 24    41.5 24  1011.9 21  1011.2 24   10.0 24   15.5 24   22.9   29.9    64.9    48.0   0.00G 999.9  000000 
724940 23234  20110530    54.9 24    43.0 24  1016.7 21  1016.2 24   10.0 24   16.7 24   34.0   42.9    64.9    48.9   0.00G 999.9  000000 
724940 23234  20110531    56.0 24    45.7 24  1016.8 21  1015.9 19    9.3 24    8.5 24   14.0   20.0    62.1    50.0   0.00G 999.9  000000 
724940 23234  20110601    55.9 24    45.6 24  1018.9 23  1018.3 23    9.9 24    8.3 24   15.9   22.0    62.1    51.1   0.07G 999.9  000000 
724940 23234  20110602    55.8 24    45.1 24  1021.6 22  1021.2 24   10.0 24    7.4 24   15.0  999.9    63.0    51.1   0.15G 999.9  000000 
724940 23234  20110603    55.3 24    46.4 24  1016.1 22  1015.7 24   10.0 24    5.4 24   13.0  999.9    63.0    50.0   0.00G 999.9  000000 
724940 23234  20110604    58.0 24    50.9 24  1009.2 21  1010.0 11    8.9 24    8.7 24   22.0   28.0    66.0    50.0   0.48G 999.9  010000 
724940 23234  20110605    60.4 24    48.5 24  1014.9 22  1014.1 24   10.0 24    5.6 24   13.0  999.9    66.0    55.0   0.34G 999.9  000000 
724940 23234  20110606    57.9 24    48.8 24  1016.9 22  1016.3 24   10.0 24   10.4 24   14.0   18.1    60.8*   55.4*  0.00G 999.9  000000 
724940 23234  20110607    58.3 24    50.0 24  1017.6 19  1017.2 24   10.0 24    9.1 24   15.0   25.1    66.9*   53.6*  0.00G 999.9  000000 
724940 23234  20110608    58.8 24    48.6 24  1015.7 24  1015.2 24   10.0 24   11.9 24   22.0   22.9    66.2*   55.0*  0.00G 999.9  000000 
724940 23234  20110609    56.5  8    48.0  8  1016.6  8  1016.0  8    9.8  8   10.3  8   15.0   19.0    61.0*   54.0*  0.00I 999.9  000000 
994016 99999  20110101    45.8 24  9999.9  0  1017.7 24  9999.9  0  999.9  0    8.8 24   16.9  999.9    48.2*   43.3*  0.00I 999.9  000000 
994016 99999  20110102    46.5 24  9999.9  0  1015.1 24  9999.9  0  999.9  0   12.1 24   16.9  999.9    48.0*   44.1*  0.00I 999.9  000000 
994016 99999  20110103    48.4 24  9999.9  0  1017.0 24  9999.9  0  999.9  0    9.4 24   15.0  999.9    51.3*   46.4*  0.00I 999.9  000000 
994016 99999  20110104    47.2 24  9999.9  0  1023.1 24  9999.9  0  999.9  0    8.3 24   11.1  999.9    50.9*   43.3*  0.00I 999.9  000000 
994016 99999  20110105    48.1 24  9999.9  0  1026.1 24  9999.9  0  999.9  0   10.7 24   15.0  999.9    52.3*   44.8*  0.00I 999.9  000000 
994016 99999  20110106    46.0 24  9999.9  0  1024.7 24  9999.9  0  999.9  0   14.1 24   20.0  999.9    52.5*   40.3*  0.00I 999.9  000000 
994016 99999  20110107    41.4 24  9999.9  0  1020.9 24  9999.9  0  999.9  0   13.0 24   18.1  999.9    45.1*   39.7*  0.00I 999.9  000000 
994016 99999  20110108    42.0 24  9999.9  0  1018.8 24  9999.9  0  999.9  0    6.0 24    8.9  999.9    43.2*   40.6*  0.00I 999.9  000000 
994016 99999  20110109    42.5 24  9999.9  0  1019.4 24  9999.9  0  999.9  0    6.6 24   12.0  999.9    44.6*   40.5*  0.00I 999.9  000000 
994016 99999  20110110    42.8 24  9999.9  0  1022.4 24  9999.9  0  999.9  0    7.3 24   14.0  999.9    47.1*   40.1*  0.00I 999.9  000000 
994016 99999  20110111    45.1 24  9999.9  0  1022.1 24  9999.9  0  999.9  0   11.7 24   15.9  999.9    47.1*   43.5*  0.00I 999.9  000000 
994016 99999  20110112    48.0 24  9999.9  0  1025.5 24  9999.9  0  999.9  0    9.9 24   14.0  999.9    51.6*   46.8*  0.00I 999.9  000000 
994016 99999  20110113    51.2 24  9999.9  0  1028.0 24  9999.9  0  999.9  0    6.2 24    9.9  999.9    53.4*   48.7*  0.00I 999.9  000000 
994016 99999  20110114    52.3 24  9999.9  0  1029.0 24  9999.9  0  999.9  0    4.1 24    8.0  999.9    54.0*   51.3*  0.00I 999.9  000000 
994016 99999  20110115    52.1 24  9999.9  0  1026.8 24  9999.9  0  999.9  0    3.9 23    9.9  999.9    59.7*   49.5*  0.00I 999.9  000000 
994016 99999  20110116    50.1 24  9999.9  0  1024.3 24  9999.9  0  999.9  0    6.3 24   14.0  999.9    60.3*   46.6*  0.00I 999.9  000000 
994016 99999  20110117    49.4 24  9999.9  0  1024.2 24  9999.9  0  999.9  0    5.7 24   11.1  999.9    52.5*   47.7*  0.00I 999.9  000000 
994016 99999  20110118    49.2 24  9999.9  0  1020.7 24  9999.9  0  999.9  0    6.9 24   13.0  999.9    53.4*   47.3*  0.00I 999.9  000000 
994016 99999  20110119    53.7 24  9999.9  0  1019.2 24  9999.9  0  999.9  0    5.2 24   12.0  999.9    57.9*   51.4*  0.00I 999.9  000000 
994016 99999  20110120    53.3 24  9999.9  0  1020.2 24  9999.9  0  999.9  0    6.1 24   14.0  999.9    58.1*   49.1*  0.00I 999.9  000000 
994016 99999  20110121    53.7 24  9999.9  0  1020.9 24  9999.9  0  999.9  0    7.0 24   12.0  999.9    58.5*   50.2*  0.00I 999.9  000000 
994016 99999  20110122    53.8 24  9999.9  0  1017.7 24  9999.9  0  999.9  0    5.3 24   13.0  999.9    59.2*   51.1*  0.00I 999.9  000000 
994016 99999  20110123    56.0 24  9999.9  0  1018.2 24  9999.9  0  999.9  0    5.1 24   12.0  999.9    59.9*   51.8*  0.00I 999.9  000000 
994016 99999  20110124    54.5 24  9999.9  0  1021.5 24  9999.9  0  999.9  0    5.2 24    9.9  999.9    61.0*   49.1*  0.00I 999.9  000000 
994016 99999  20110125    53.1 23  9999.9  0  1020.2 23  9999.9  0  999.9  0    5.4 23   16.9  999.9    60.8*   49.5*  0.00I 999.9  000000 
994016 99999  20110126    54.6 24  9999.9  0  1020.2 24  9999.9  0  999.9  0    6.2 24   15.0  999.9    59.0*   51.1*  0.00I 999.9  000000 
994016 99999  20110127    54.5 24  9999.9  0  1023.4 24  9999.9  0  999.9  0    9.7 24   14.0  999.9    60.3*   51.1*  0.00I 999.9  000000 
994016 99999  20110128    49.9 24  9999.9  0  1021.8 24  9999.9  0  999.9  0    3.8 24    8.9  999.9    58.3*   42.8*  0.00I 999.9  000000 
994016 99999  20110129    50.4 24  9999.9  0  1019.4 24  9999.9  0  999.9  0    4.0 24    7.0  999.9    53.8*   48.2*  0.00I 999.9  000000 
994016 99999  20110130    52.3 24  9999.9  0  1016.8 24  9999.9  0  999.9  0    6.7 24   14.0  999.9    54.0*   50.5*  0.00I 999.9  000000 
994016 99999  20110131    48.2 24  9999.9  0  1023.9 24  9999.9  0  999.9  0    4.8 24   13.0  999.9    53.1*   44.6*  0.00I 999.9  000000 
994016 99999  20110201    48.9 24  9999.9  0  1023.2 24  9999.9  0  999.9  0    4.4 24   11.1  999.9    59.9*   45.9*  0.00I 999.9  000000 
994016 99999  20110202    55.9 24  9999.9  0  1024.6 24  9999.9  0  999.9  0   10.4 24   20.0  999.9    60.8*   51.8*  0.00I 999.9  000000 
994016 99999  20110203    50.3 24  9999.9  0  1030.5 24  9999.9  0  999.9  0    3.5 24    8.0  999.9    59.2*   44.6*  0.00I 999.9  000000 
994016 99999  20110204    49.4 24  9999.9  0  1029.5 24  9999.9  0  999.9  0    3.9 24    9.9  999.9    54.9*   44.6*  0.00I 999.9  000000 
994016 99999  20110205    54.1 24  9999.9  0  1025.4 24  9999.9  0  999.9  0    3.7 24    9.9  999.9    64.8*   48.7*  0.00I 999.9  000000 
994016 99999  20110206    63.9 24  9999.9  0  1022.9 24  9999.9  0  999.9  0    8.1 24   15.9  999.9    73.2*   57.6*  0.00I 999.9  000000 
994016 99999  20110207    55.8 24  9999.9  0  1023.6 24  9999.9  0  999.9  0    3.8 24    9.9  999.9    69.3*   51.1*  0.00I 999.9  000000 
994016 99999  20110208    54.7 24  9999.9  0  1019.2 24  9999.9  0  999.9  0   12.2 24   21.0  999.9    57.6*   51.8*  0.00I 999.9  000000 
994016 99999  20110209    53.5 24  9999.9  0  1021.8 24  9999.9  0  999.9  0    7.9 24   14.0  999.9    58.3*   48.9*  0.00I 999.9  000000 
994016 99999  20110210    50.4 24  9999.9  0  1022.5 24  9999.9  0  999.9  0    3.9 24    8.9  999.9    59.7*   44.8*  0.00I 999.9  000000 
994016 99999  20110211    51.2 24  9999.9  0  1022.3 24  9999.9  0  999.9  0    6.0 24    9.9  999.9    59.2*   45.3*  0.00I 999.9  000000 
994016 99999  20110212    54.3 24  9999.9  0  1024.0 24  9999.9  0  999.9  0    4.8 24    8.9  999.9    60.3*   49.3*  0.00I 999.9  000000 
994016 99999  20110213    48.4 24  9999.9  0  1021.7 24  9999.9  0  999.9  0    5.6 24    9.9  999.9    55.9*   44.4*  0.00I 999.9  000000 
994016 99999  20110214    51.8 24  9999.9  0  1017.3 24  9999.9  0  999.9  0    6.7 24   12.0  999.9    57.0*   48.0*  0.00I 999.9  000000 
994016 99999  20110215    54.1 24  9999.9  0  1019.2 24  9999.9  0  999.9  0    5.9 24   11.1  999.9    58.5*   51.1*  0.00I 999.9  000000 
994016 99999  20110216    51.9 24  9999.9  0  1010.4 24  9999.9  0  999.9  0    8.5 24   15.0  999.9    57.7*   48.6*  0.00I 999.9  000000 
994016 99999  20110217    47.1 24  9999.9  0  1012.4 24  9999.9  0  999.9  0    7.0 24   13.0  999.9    50.7*   44.6*  0.00I 999.9  000000 
994016 99999  20110218    45.9 24  9999.9  0  1011.8 24  9999.9  0  999.9  0    7.7 24   16.9  999.9    50.0*   42.3*  0.00I 999.9  000000 
994016 99999  20110219    42.2 24  9999.9  0  1007.0 24  9999.9  0  999.9  0    7.0 24   15.9  999.9    46.0*   39.9*  0.00I 999.9  000000 
994016 99999  20110220    43.6 24  9999.9  0  1016.5 24  9999.9  0  999.9  0    5.0 24   11.1  999.9    50.0*   39.7*  0.00I 999.9  000000 
994016 99999  20110221    46.3 24  9999.9  0  1018.5 24  9999.9  0  999.9  0    4.7 24    8.9  999.9    50.2*   41.5*  0.00I 999.9  000000 
994016 99999  20110222    48.4 24  9999.9  0  1017.9 24  9999.9  0  999.9  0    7.1 24   11.1  999.9    51.8*   44.6*  0.00I 999.9  000000 
994016 99999  20110223    46.6 24  9999.9  0  1019.6 24  9999.9  0  999.9  0    5.3 24   11.1  999.9    51.8*   42.4*  0.00I 999.9  000000 
994016 99999  20110224    48.0 24  9999.9  0  1021.8 24  9999.9  0  999.9  0    5.2 24    9.9  999.9    51.3*   44.4*  0.00I 999.9  000000 
994016 99999  20110225    48.2 24  9999.9  0  1014.1 24  9999.9  0  999.9  0    8.3 24   16.9  999.9    51.1*   44.4*  0.00I 999.9  000000 
994016 99999  20110226    41.0 24  9999.9  0  1012.2 24  9999.9  0  999.9  0    7.1 24   14.0  999.9    46.2*   37.4*  0.00I 999.9  000000 
994016 99999  20110227    44.1 24  9999.9  0  1015.8 24  9999.9  0  999.9  0    4.8 24    8.9  999.9    50.2*   39.2*  0.00I 999.9  000000 
994016 99999  20110228    46.0 15  9999.9  0  1022.3 15  9999.9  0  999.9  0    5.1 15    9.9  999.9    48.9*   43.2*  0.00I 999.9  000000 
994016 99999  20110301    51.7  7  9999.9  0  1019.6  7  9999.9  0  999.9  0    6.9  7   13.0  999.9    55.2*   49.1*  0.00I 999.9  000000 
994016 99999  20110302    52.4 24  9999.9  0  1016.1 24  9999.9  0  999.9  0    6.9 24   12.0  999.9    56.3*   48.6*  0.00I 999.9  000000 
994016 99999  20110303    52.8 24  9999.9  0  1022.2 24  9999.9  0  999.9  0    5.5 24   11.1  999.9    54.5*   51.1*  0.00I 999.9  000000 
994016 99999  20110304    49.8 24  9999.9  0  1025.2 24  9999.9  0  999.9  0    5.2 24   12.0  999.9    56.1*   46.6*  0.00I 999.9  000000 
994016 99999  20110305    51.9 24  9999.9  0  1025.1 24  9999.9  0  999.9  0    4.4 24   11.1  999.9    58.3*   47.7*  0.00I 999.9  000000 
994016 99999  20110306    54.0 24  9999.9  0  1016.5 24  9999.9  0  999.9  0    5.2 24   11.1  999.9    56.3*   52.9*  0.00I 999.9  000000 
994016 99999  20110307    51.8 24  9999.9  0  1015.1 24  9999.9  0  999.9  0   10.4 24   19.0  999.9    55.6*   49.3*  0.00I 999.9  000000 
994016 99999  20110308    51.9 24  9999.9  0  1023.0 24  9999.9  0  999.9  0    4.7 24   11.1  999.9    55.2*   48.9*  0.00I 999.9  000000 
994016 99999  20110309    52.0 24  9999.9  0  1026.1 24  9999.9  0  999.9  0    3.3 24    9.9  999.9    56.1*   48.7*  0.00I 999.9  000000 
994016 99999  20110310    52.7 24  9999.9  0  1023.1 24  9999.9  0  999.9  0    5.4 24    9.9  999.9    57.4*   48.2*  0.00I 999.9  000000 
994016 99999  20110311    51.1 24  9999.9  0  1022.9 24  9999.9  0  999.9  0    5.6 24    9.9  999.9    54.5*   45.5*  0.00I 999.9  000000 
994016 99999  20110312    51.2 24  9999.9  0  1021.9 24  9999.9  0  999.9  0    5.7 24    9.9  999.9    54.9*   46.6*  0.00I 999.9  000000 
994016 99999  20110313    53.9 24  9999.9  0  1022.1 24  9999.9  0  999.9  0    4.9 24   12.0  999.9    61.7*   51.1*  0.00I 999.9  000000 
994016 99999  20110314    55.7 24  9999.9  0  1024.2 24  9999.9  0  999.9  0    5.4 24   13.0  999.9    59.4*   52.7*  0.00I 999.9  000000 
994016 99999  20110315    55.6 24  9999.9  0  1022.8 24  9999.9  0  999.9  0    5.3 24   11.1  999.9    58.5*   53.6*  0.00I 999.9  000000 
994016 99999  20110316    53.8 24  9999.9  0  1021.5 24  9999.9  0  999.9  0    5.9 24   11.1  999.9    56.3*   52.5*  0.00I 999.9  000000 
994016 99999  20110317    50.0 23  9999.9  0  1024.5 23  9999.9  0  999.9  0    4.3 23    8.0  999.9    54.7*   45.3*  0.00I 999.9  000000 
994016 99999  20110318    51.5 24  9999.9  0  1018.5 24  9999.9  0  999.9  0    6.3 24    9.9  999.9    54.5*   46.9*  0.00I 999.9  000000 
994016 99999  20110319    48.2 24  9999.9  0  1013.4 24  9999.9  0  999.9  0    6.8 24   12.0  999.9    51.1*   46.4*  0.00I 999.9  000000 
994016 99999  20110320    50.2 23  9999.9  0  1000.1 23  9999.9  0  999.9  0    9.2 23   19.0  999.9    53.1*   48.6*  0.00I 999.9  000000 
994016 99999  20110321    50.2 24  9999.9  0  1006.4 24  9999.9  0  999.9  0    5.3 24   14.0  999.9    52.5*   46.9*  0.00I 999.9  000000 
994016 99999  20110322    50.3 24  9999.9  0  1017.6 24  9999.9  0  999.9  0    6.0 24   11.1  999.9    54.9*   47.1*  0.00I 999.9  000000 
994016 99999  20110323    51.7 24  9999.9  0  1011.2 24  9999.9  0  999.9  0    8.5 24   15.0  999.9    54.9*   48.7*  0.00I 999.9  000000 
994016 99999  20110324    49.6 24  9999.9  0  1008.6 24  9999.9  0  999.9  0    7.5 24   16.9  999.9    54.1*   46.8*  0.00I 999.9  000000 
994016 99999  20110325    50.2 22  9999.9  0  1012.5 22  9999.9  0  999.9  0    7.1 22   11.1  999.9    54.5*   47.1*  0.00I 999.9  000000 
994016 99999  20110326    51.7  9  9999.9  0  1011.8  9  9999.9  0  999.9  0    6.0  9    9.9  999.9    53.2*   49.6*  0.00I 999.9  000000 
994016 99999  20110327    50.6 24  9999.9  0  1016.6 24  9999.9  0  999.9  0    5.7 24   13.0  999.9    54.3*   46.0*  0.00I 999.9  000000 
994016 99999  20110328    50.5 22  9999.9  0  1020.2 22  9999.9  0  999.9  0    4.8 22   11.1  999.9    54.7*   46.2*  0.00I 999.9  000000 
994016 99999  20110329    51.7 24  9999.9  0  1022.6 24  9999.9  0  999.9  0    5.7 24   14.0  999.9    57.2*   46.8*  0.00I 999.9  000000 
994016 99999  20110330    56.4 24  9999.9  0  1024.2 24  9999.9  0  999.9  0    6.0 24   13.0  999.9    74.1*   51.4*  0.00I 999.9  000000 
994016 99999  20110331    61.8 24  9999.9  0  1020.6 24  9999.9  0  999.9  0    4.5 24   14.0  999.9    71.1*   55.9*  0.00I 999.9  000000 
994016 99999  20110401    62.0 24  9999.9  0  1012.8 24  9999.9  0  999.9  0    6.1 24   14.0  999.9    70.2*   57.4*  0.00I 999.9  000000 
994016 99999  20110402    55.2 24  9999.9  0  1009.9 24  9999.9  0  999.9  0    9.0 24   15.9  999.9    60.3*   53.2*  0.00I 999.9  000000 
994016 99999  20110403    52.5 24  9999.9  0  1016.4 24  9999.9  0  999.9  0    6.3 24   13.0  999.9    59.4*   45.9*  0.00I 999.9  000000 
994016 99999  20110404    55.1 24  9999.9  0  1020.5 24  9999.9  0  999.9  0    4.9 24   12.0  999.9    66.0*   49.5*  0.00I 999.9  000000 
994016 99999  20110405    54.9 24  9999.9  0  1017.2 24  9999.9  0  999.9  0    7.9 24   15.9  999.9    63.9*   51.1*  0.00I 999.9  000000 
994016 99999  20110406    52.2 24  9999.9  0  1016.8 24  9999.9  0  999.9  0    7.2 24   13.0  999.9    56.7*   47.8*  0.00I 999.9  000000 
994016 99999  20110407    48.9 24  9999.9  0  1015.8 24  9999.9  0  999.9  0    9.6 24   14.0  999.9    54.0*   45.9*  0.00I 999.9  000000 
994016 99999  20110408    47.1 24  9999.9  0  1010.0 24  9999.9  0  999.9  0    7.3 24   15.0  999.9    51.1*   44.6*  0.00I 999.9  000000 
994016 99999  20110409    50.1 24  9999.9  0  1013.2 24  9999.9  0  999.9  0    5.9 24   14.0  999.9    54.0*   45.5*  0.00I 999.9  000000 
994016 99999  20110410    50.4 24  9999.9  0  1023.7 24  9999.9  0  999.9  0    8.3 24   14.0  999.9    54.3*   48.0*  0.00I 999.9  000000 
994016 99999  20110411    52.3 24  9999.9  0  1027.1 24  9999.9  0  999.9  0    5.4 24   11.1  999.9    54.9*   49.8*  0.00I 999.9  000000 
994016 99999  20110412    49.1 24  9999.9  0  1020.8 24  9999.9  0  999.9  0    6.9 24   16.9  999.9    53.6*   45.5*  0.00I 999.9  000000 
994016 99999  20110413    49.8 24  9999.9  0  1021.2 24  9999.9  0  999.9  0    7.7 24   14.0  999.9    53.2*   47.7*  0.00I 999.9  000000 
994016 99999  20110414    49.6 24  9999.9  0  1028.7 24  9999.9  0  999.9  0    5.3 24    9.9  999.9    53.6*   45.7*  0.00I 999.9  000000 
994016 99999  20110415    52.3 24  9999.9  0  1027.2 24  9999.9  0  999.9  0    5.6 24   13.0  999.9    56.8*   48.2*  0.00I 999.9  000000 
994016 99999  20110416    53.5 24  9999.9  0  1022.0 24  9999.9  0  999.9  0    6.8 24   15.9  999.9    57.6*   50.7*  0.00I 999.9  000000 
994016 99999  20110417    52.9 24  9999.9  0  1017.0 24  9999.9  0  999.9  0    9.9 24   15.9  999.9    55.2*   51.4*  0.00I 999.9  000000 
994016 99999  20110418    52.7 24  9999.9  0  1015.6 24  9999.9  0  999.9  0    6.3 24   12.0  999.9    56.1*   51.3*  0.00I 999.9  000000 
994016 99999  20110419    53.2 24  9999.9  0  1016.2 24  9999.9  0  999.9  0    6.2 24   11.1  999.9    56.3*   50.7*  0.00I 999.9  000000 
994016 99999  20110420    53.7 24  9999.9  0  1015.6 24  9999.9  0  999.9  0    6.7 24   15.9  999.9    59.4*   50.2*  0.00I 999.9  000000 
994016 99999  20110421    53.1 24  9999.9  0  1017.3 24  9999.9  0  999.9  0    8.2 24   13.0  999.9    58.5*   48.9*  0.00I 999.9  000000 
994016 99999  20110422    51.1 24  9999.9  0  1018.3 24  9999.9  0  999.9  0    7.0 24   11.1  999.9    55.2*   47.7*  0.00I 999.9  000000 
994016 99999  20110423    51.9 24  9999.9  0  1015.3 24  9999.9  0  999.9  0    5.8 24   11.1  999.9    55.8*   49.5*  0.00I 999.9  000000 
994016 99999  20110424    54.4 24  9999.9  0  1015.0 24  9999.9  0  999.9  0    7.5 24   15.0  999.9    56.7*   52.7*  0.00I 999.9  000000 
994016 99999  20110425    54.3 24  9999.9  0  1021.2 24  9999.9  0  999.9  0    7.7 24   11.1  999.9    57.0*   53.1*  0.00I 999.9  000000 
994016 99999  20110426    52.8 24  9999.9  0  1022.8 24  9999.9  0  999.9  0    7.5 24   15.0  999.9    55.9*   47.7*  0.00I 999.9  000000 
994016 99999  20110427    52.4 24  9999.9  0  1021.5 24  9999.9  0  999.9  0    7.6 24   12.0  999.9    56.1*   49.1*  0.00I 999.9  000000 
994016 99999  20110428    51.9 24  9999.9  0  1022.2 24  9999.9  0  999.9  0    9.3 24   15.0  999.9    54.7*   49.8*  0.00I 999.9  000000 
994016 99999  20110429    51.9 24  9999.9  0  1024.0 24  9999.9  0  999.9  0    7.4 24   14.0  999.9    56.8*   46.6*  0.00I 999.9  000000 
994016 99999  20110430    57.7 24  9999.9  0  1022.6 24  9999.9  0  999.9  0   11.4 24   19.0  999.9    62.2*   55.2*  0.00I 999.9  000000 
994016 99999  20110501    54.5 24  9999.9  0  1021.6 24  9999.9  0  999.9  0    6.2 24   15.0  999.9    64.6*   49.1*  0.00I 999.9  000000 
994016 99999  20110502    52.9 24  9999.9  0  1023.8 24  9999.9  0  999.9  0    7.3 24   15.0  999.9    60.3*   48.7*  0.00I 999.9  000000 
994016 99999  20110503    52.4 24  9999.9  0  1023.4 24  9999.9  0  999.9  0    9.1 24   15.0  999.9    57.4*   48.9*  0.00I 999.9  000000 
994016 99999  20110504    57.5 24  9999.9  0  1017.9 24  9999.9  0  999.9  0    5.6 24   14.0  999.9    69.4*   50.9*  0.00I 999.9  000000 
994016 99999  20110505    56.9 24  9999.9  0  1016.4 24  9999.9  0  999.9  0    7.3 24   15.9  999.9    66.9*   51.3*  0.00I 999.9  000000 
994016 99999  20110506    54.2 24  9999.9  0  1015.1 24  9999.9  0  999.9  0    8.5 24   15.0  999.9    58.1*   50.5*  0.00I 999.9  000000 
994016 99999  20110507    51.4 24  9999.9  0  1014.6 24  9999.9  0  999.9  0   11.2 24   15.0  999.9    54.5*   49.5*  0.00I 999.9  000000 
994016 99999  20110508    51.9 23  9999.9  0  1014.4 23  9999.9  0  999.9  0    8.5 23   14.0  999.9    53.4*   50.2*  0.00I 999.9  000000 
994016 99999  20110509    51.3 24  9999.9  0  1013.9 24  9999.9  0  999.9  0    7.0 24   12.0  999.9    56.3*   46.4*  0.00I 999.9  000000 
994016 99999  20110510    52.0 24  9999.9  0  1014.6 24  9999.9  0  999.9  0    8.5 24   16.9  999.9    55.6*   48.9*  0.00I 999.9  000000 
994016 99999  20110511    51.3 24  9999.9  0  1016.0 24  9999.9  0  999.9  0    9.2 24   15.9  999.9    54.3*   49.6*  0.00I 999.9  000000 
994016 99999  20110512    53.3 24  9999.9  0  1019.9 24  9999.9  0  999.9  0    7.2 24   14.0  999.9    56.7*   51.3*  0.00I 999.9  000000 
994016 99999  20110513    51.1 24  9999.9  0  1018.1 24  9999.9  0  999.9  0    8.1 24   13.0  999.9    55.0*   47.7*  0.00I 999.9  000000 
994016 99999  20110514    51.5 24  9999.9  0  1014.1 24  9999.9  0  999.9  0    7.1 24   13.0  999.9    54.1*   50.2*  0.00I 999.9  000000 
994016 99999  20110515    50.6 24  9999.9  0  1012.0 24  9999.9  0  999.9  0    7.5 24   12.0  999.9    55.0*   45.1*  0.00I 999.9  000000 
994016 99999  20110516    52.8 24  9999.9  0  1016.5 24  9999.9  0  999.9  0    4.6 24    9.9  999.9    55.6*   50.0*  0.00I 999.9  000000 
994016 99999  20110517    52.3 24  9999.9  0  1010.2 24  9999.9  0  999.9  0    8.6 24   13.0  999.9    55.4*   50.2*  0.00I 999.9  000000 
994016 99999  20110518    53.2 24  9999.9  0  1009.9 24  9999.9  0  999.9  0    7.3 24   11.1  999.9    56.8*   51.3*  0.00I 999.9  000000 
994016 99999  20110519    53.0 24  9999.9  0  1014.9 24  9999.9  0  999.9  0    6.6 24   15.0  999.9    55.8*   49.8*  0.00I 999.9  000000 
994016 99999  20110520    53.2 24  9999.9  0  1017.6 24  9999.9  0  999.9  0    8.2 24   15.0  999.9    55.8*   51.3*  0.00I 999.9  000000 
994016 99999  20110521    53.8 24  9999.9  0  1016.4 24  9999.9  0  999.9  0    9.0 24   14.0  999.9    56.7*   50.9*  0.00I 999.9  000000 
994016 99999  20110522    53.2 24  9999.9  0  1014.4 24  9999.9  0  999.9  0    7.8 24   14.0  999.9    56.1*   49.5*  0.00I 999.9  000000 
994016 99999  20110523    53.2 24  9999.9  0  1015.2 24  9999.9  0  999.9  0    9.4 24   15.0  999.9    57.0*   50.7*  0.00I 999.9  000000 
994016 99999  20110524    52.3 24  9999.9  0  1018.5 24  9999.9  0  999.9  0    8.6 24   15.9  999.9    55.6*   48.7*  0.00I 999.9  000000 
994016 99999  20110525    52.8 24  9999.9  0  1017.8 24  9999.9  0  999.9  0    6.6 24   13.0  999.9    55.8*   50.5*  0.00I 999.9  000000 
994016 99999  20110526    54.4 24  9999.9  0  1021.0 24  9999.9  0  999.9  0    5.7 24   12.0  999.9    57.0*   51.4*  0.00I 999.9  000000 
994016 99999  20110527    54.9 24  9999.9  0  1021.3 24  9999.9  0  999.9  0    6.9 24   11.1  999.9    57.4*   53.2*  0.00I 999.9  000000 
994016 99999  20110528    54.2 24  9999.9  0  1016.7 24  9999.9  0  999.9  0    7.2 24   11.1  999.9    56.8*   52.3*  0.00I 999.9  000000 
994016 99999  20110529    51.7 24  9999.9  0  1011.8 24  9999.9  0  999.9  0    6.5 24   12.0  999.9    57.0*   46.6*  0.00I 999.9  000000 
994016 99999  20110530    52.8 24  9999.9  0  1016.3 24  9999.9  0  999.9  0    8.4 24   15.0  999.9    56.3*   49.3*  0.00I 999.9  000000 
994016 99999  20110531    54.4 23  9999.9  0  1016.7 23  9999.9  0  999.9  0    6.4 23   11.1  999.9    55.4*   52.9*  0.00I 999.9  000000 
994016 99999  20110601    53.8 24  9999.9  0  1018.9 24  9999.9  0  999.9  0    5.8 24   11.1  999.9    56.7*   48.9*  0.00I 999.9  000000 
994016 99999  20110602    53.9 24  9999.9  0  1021.8 24  9999.9  0  999.9  0    5.9 24   11.1  999.9    56.5*   52.2*  0.00I 999.9  000000 
994016 99999  20110603    53.1 24  9999.9  0  1017.0 24  9999.9  0  999.9  0    4.9 24    8.9  999.9    56.3*   50.4*  0.00I 999.9  000000 
994016 99999  20110604    55.4 24  9999.9  0  1009.4 24  9999.9  0  999.9  0    6.3 24   15.0  999.9    61.0*   53.6*  0.00I 999.9  000000 
994016 99999  20110605    57.2 24  9999.9  0  1015.1 24  9999.9  0  999.9  0    3.9 24    8.9  999.9    61.7*   52.9*  0.00I 999.9  000000 
994016 99999  20110606    55.7 24  9999.9  0  1016.7 24  9999.9  0  999.9  0    6.7 24    8.9  999.9    58.5*   54.5*  0.00I 999.9  000000 
994016 99999  20110607    55.4 22  9999.9  0  1018.1 22  9999.9  0  999.9  0    5.6 22   11.1  999.9    58.3*   52.5*  0.00I 999.9  000000 
998011 99999  20110101    40.4 20    37.1 20  9999.9  0  9999.9  0  999.9  0    8.8 20   13.0  999.9    44.4*   38.1*  0.00I 999.9  000000 
998011 99999  20110102    42.5 23    40.6 23  1017.5  6  9999.9  0  999.9  0   11.0 23   14.0  999.9    46.8*   39.9*  0.00I 999.9  000000 
998011 99999  20110103    45.6 24    43.3 24  1015.2  5  9999.9  0  999.9  0    5.1 24    8.9  999.9    49.6*   41.5*  0.00I 999.9  000000 
998011 99999  20110104    40.0 20    37.7 20  9999.9  0  9999.9  0  999.9  0    2.8 20    8.0  999.9    52.0*   34.0*  0.00I 999.9  000000 
998011 99999  20110105    41.4 24    36.9 24  1024.5  4  9999.9  0  999.9  0    3.5 24   11.1  999.9    53.8*   32.9*  0.00I 999.9  000000 
998011 99999  20110106    39.2 24    36.6 24  1024.8  4  9999.9  0  999.9  0    4.4 24    8.9  999.9    53.6*   30.6*  0.00I 999.9  000000 
998011 99999  20110107    38.3 24    36.8 24  1022.0  4  9999.9  0  999.9  0    4.2 24    6.0  999.9    41.2*   36.5*  0.00I 999.9  000000 
998011 99999  20110108    37.3 24    36.4 24  1018.0  4  9999.9  0  999.9  0    3.2 24    5.1  999.9    39.0*   36.0*  0.00I 999.9  000000 
998011 99999  20110109    38.3 24    35.5 24  1017.6  5  9999.9  0  999.9  0    4.5 24    8.0  999.9    44.1*   36.0*  0.00I 999.9  000000 
998011 99999  20110110    35.6 24    31.5 24  1020.5  4  9999.9  0  999.9  0    4.2 24    9.9  999.9    45.5*   27.9*  0.00I 999.9  000000 
998011 99999  20110111    40.4 24    34.5 24  1022.0  4  9999.9  0  999.9  0    6.6 24    9.9  999.9    45.0*   37.4*  0.00I 999.9  000000 
998011 99999  20110112    45.0 24    39.4 24  1023.2  4  9999.9  0  999.9  0    5.9 24    8.0  999.9    54.1*   42.4*  0.00I 999.9  000000 
998011 99999  20110113    45.8 24    44.0 24  1027.0  4  9999.9  0  999.9  0    2.1 24    7.0  999.9    53.6*   38.8*  0.00I 999.9  000000 
998011 99999  20110114    51.1 24    49.2 24  1027.2  4  9999.9  0  999.9  0    2.9 24    5.1  999.9    60.3*   47.3*  0.00I 999.9  000000 
998011 99999  20110115    47.3 24    45.6 19  1026.5  4  9999.9  0  999.9  0    2.8 24    5.1  999.9    61.2*   39.6*  0.00I 999.9  000000 
998011 99999  20110116    46.4 24  9999.9  0  1024.0  4  9999.9  0  999.9  0    2.4 24    5.1  999.9    49.8*   43.5*  0.00I 999.9  000000 
998011 99999  20110117    47.6 24  9999.9  0  1024.2  4  9999.9  0  999.9  0    1.7 24    4.1  999.9    50.0*   46.0*  0.00I 999.9  000000 
998011 99999  20110118    48.9 24    46.9 14  1020.6  5  9999.9  0  999.9  0    2.0 24    5.1  999.9    59.7*   45.7*  0.00I 999.9  000000 
998011 99999  20110119    49.1 24    45.0 24  1018.0  4  9999.9  0  999.9  0    4.8 24    8.9  999.9    59.4*   40.5*  0.00I 999.9  000000 
998011 99999  20110120    51.6 24    39.1 24  1018.8  8  9999.9  0  999.9  0    6.6 24   14.0  999.9    58.8*   37.9*  0.00I 999.9  000000 
998011 99999  20110121    47.6 24    41.7 24  1021.0  4  9999.9  0  999.9  0    2.5 24    8.0  999.9    63.1*   38.3*  0.00I 999.9  000000 
998011 99999  20110122    51.9 24    44.7 24  1017.8  5  9999.9  0  999.9  0    2.2 24    7.0  999.9    66.2*   41.9*  0.00I 999.9  000000 
998011 99999  20110123    49.4 24    40.5 24  1016.5  6  9999.9  0  999.9  0    3.7 24    8.0  999.9    66.6*   36.9*  0.00I 999.9  000000 
998011 99999  20110124    48.2 24    42.4 24  1021.4  5  9999.9  0  999.9  0    2.0 24    5.1  999.9    63.1*   38.1*  0.00I 999.9  000000 
998011 99999  20110125    49.0 23    43.4 23  1019.8  8  9999.9  0  999.9  0    2.8 23    7.0  999.9    64.2*   37.9*  0.00I 999.9  000000 
998011 99999  20110126    46.2 24    44.7 17  1018.5  4  9999.9  0  999.9  0    3.5 24    7.0  999.9    60.3*   38.3*  0.00I 999.9  000000 
998011 99999  20110127    41.0 24  9999.9  0  1022.0  5  9999.9  0  999.9  0    3.3 24    7.0  999.9    53.1*   33.1*  0.00I 999.9  000000 
998011 99999  20110128    39.4 24  9999.9  0  1022.3  6  9999.9  0  999.9  0    2.7 24    7.0  999.9    47.5*   34.3*  0.00I 999.9  000000 
998011 99999  20110129    44.3 10  9999.9  0  9999.9  0  9999.9  0  999.9  0    2.8 10    7.0  999.9    48.4*   41.5*  0.00I 999.9  000000 
998011 99999  20110130    47.0 24    46.4 24  1017.0  4  9999.9  0  999.9  0    7.0 24   14.0  999.9    49.5*   45.5*  0.00I 999.9  000000 
998011 99999  20110131    47.2 24    42.4 24  1021.2  5  9999.9  0  999.9  0    3.9 24   12.0  999.9    61.7*   41.0*  0.00I 999.9  000000 
998011 99999  20110201    49.1 24    42.7 20  1022.0  4  9999.9  0  999.9  0    4.6 24   16.9  999.9    64.4*   39.6*  0.00I 999.9  000000 
998011 99999  20110202    55.6 24    16.2 23  1021.8  5  9999.9  0  999.9  0   11.7 24   22.0  999.9    63.9*   49.3*  0.00I 999.9  000000 
998011 99999  20110203    45.7 24    35.6 24  1027.8  4  9999.9  0  999.9  0    3.2 24    8.0  999.9    58.3*   36.5*  0.00I 999.9  000000 
998011 99999  20110204    47.3 24    38.8 24  1028.5  6  9999.9  0  999.9  0    2.0 24    5.1  999.9    63.3*   37.2*  0.00I 999.9  000000 
998011 99999  20110205    52.8 24    42.9 24  1025.0  4  9999.9  0  999.9  0    3.4 24   15.0  999.9    76.6*   41.5*  0.00I 999.9  000000 
998011 99999  20110206    69.9 24    39.0 24  1021.4  5  9999.9  0  999.9  0    9.9 24   16.9  999.9    78.1*   63.5*  0.00I 999.9  000000 
998011 99999  20110207    56.5 24    43.9 24  1022.8  5  9999.9  0  999.9  0    3.1 24    8.9  999.9    77.9*   43.5*  0.00I 999.9  000000 
998011 99999  20110208    55.9 24    44.7  6  1017.0  5  9999.9  0  999.9  0    9.8 24   19.0  999.9    70.9*   49.3*  0.00I 999.9  000000 
998011 99999  20110209    53.3 24    24.6  9  1019.0  5  9999.9  0  999.9  0    9.7 24   15.9  999.9    59.4*   45.3*  0.00I 999.9  000000 
998011 99999  20110210    47.7 24    32.3 24  1021.5  4  9999.9  0  999.9  0    4.3 24    9.9  999.9    61.0*   34.5*  0.00I 999.9  000000 
998011 99999  20110211    47.4 24    35.8 24  1020.0  4  9999.9  0  999.9  0    3.4 24    7.0  999.9    61.9*   37.0*  0.00I 999.9  000000 
998011 99999  20110212    50.6 24    40.3 24  1023.0  5  9999.9  0  999.9  0    3.2 24    8.9  999.9    64.2*   37.0*  0.00I 999.9  000000 
998011 99999  20110213    50.4 24    39.3 24  1021.8  4  9999.9  0  999.9  0    3.8 24    8.0  999.9    65.3*   39.2*  0.00I 999.9  000000 
998011 99999  20110214    51.5 24    42.6 24  1015.2  5  9999.9  0  999.9  0    7.8 24   13.0  999.9    63.7*   46.4*  0.00I 999.9  000000 
998011 99999  20110215    53.8 24    47.6 24  1019.2  4  9999.9  0  999.9  0    9.3 24   15.9  999.9    59.7*   50.9*  0.00I 999.9  000000 
998011 99999  20110216    50.6 24    43.2 24  1010.0  4  9999.9  0  999.9  0   11.7 24   15.9  999.9    57.7*   44.1*  0.00I 999.9  000000 
998011 99999  20110217    44.1 24    40.2 24  1012.2  4  9999.9  0  999.9  0    8.2 24   13.0  999.9    46.8*   41.7*  0.00I 999.9  000000 
998011 99999  20110218    42.1 24    40.4 24  1009.5  4  9999.9  0  999.9  0    7.3 24   12.0  999.9    47.3*   36.1*  0.00I 999.9  000000 
998011 99999  20110219    40.3 24    38.2 24  1005.0  4  9999.9  0  999.9  0    6.8 24   14.0  999.9    43.3*   37.2*  0.00I 999.9  000000 
998011 99999  20110220    41.2 24    36.6 24  1012.4  5  9999.9  0  999.9  0    4.0 24    9.9  999.9    51.4*   33.6*  0.00I 999.9  000000 
998011 99999  20110221    44.6 24    37.2 24  1019.0  4  9999.9  0  999.9  0    3.4 24    8.0  999.9    52.0*   39.2*  0.00I 999.9  000000 
998011 99999  20110222    45.7 24    35.0 24  1014.8  5  9999.9  0  999.9  0    4.4 24    8.0  999.9    57.7*   36.5*  0.00I 999.9  000000 
998011 99999  20110223    46.2 24    39.2 24  1018.0  4  9999.9  0  999.9  0    3.8 24    8.9  999.9    58.1*   37.6*  0.00I 999.9  000000 
998011 99999  20110224    46.1 24    38.3 24  1017.5  4  9999.9  0  999.9  0    6.2 24   11.1  999.9    55.2*   41.4*  0.00I 999.9  000000 
998011 99999  20110225    47.0 24    42.3 24  1017.2  5  9999.9  0  999.9  0    8.0 24   15.0  999.9    50.7*   44.2*  0.00I 999.9  000000 
998011 99999  20110226    38.4 24    28.7 24  1010.0  4  9999.9  0  999.9  0    6.7 24   15.0  999.9    48.6*   30.6*  0.00I 999.9  000000 
998011 99999  20110227    41.7 24    31.2 24  1011.5  4  9999.9  0  999.9  0    3.9 24    8.0  999.9    54.7*   34.2*  0.00I 999.9  000000 
998011 99999  20110228    45.5 24    37.6 24  1020.0  5  9999.9  0  999.9  0    4.6 24   11.1  999.9    56.1*   33.6*  0.00I 999.9  000000 
998011 99999  20110301    45.9 24    37.9 24  1022.0  4  9999.9  0  999.9  0    3.5 24   11.1  999.9    58.1*   36.9*  0.00I 999.9  000000 
998011 99999  20110302    51.0 24    45.4 24  1016.2  5  9999.9  0  999.9  0    6.6 24   14.0  999.9    57.0*   46.6*  0.00I 999.9  000000 
998011 99999  20110303    54.0 24    48.6 24  1018.8  5  9999.9  0  999.9  0    5.3 24    8.0  999.9    63.0*   47.7*  0.00I 999.9  000000 
998011 99999  20110304    51.2 24    43.6 24  1023.2  4  9999.9  0  999.9  0    2.8 24    7.0  999.9    63.0*   39.7*  0.00I 999.9  000000 
998011 99999  20110305    55.4 24    45.5 24  1024.5  4  9999.9  0  999.9  0    3.7 24    8.9  999.9    66.4*   44.1*  0.00I 999.9  000000 
998011 99999  20110306    55.4 24    52.6 24  1019.0  4  9999.9  0  999.9  0    4.4 24    9.9  999.9    64.4*   52.7*  0.00I 999.9  000000 
998011 99999  20110307    52.2 24    45.3 24  1010.0  4  9999.9  0  999.9  0    9.3 24   18.1  999.9    58.3*   45.3*  0.00I 999.9  000000 
998011 99999  20110308    51.9 24    46.7 24  1020.4  5  9999.9  0  999.9  0    7.4 24   14.0  999.9    62.1*   46.6*  0.00I 999.9  000000 
998011 99999  20110309    53.9 24    48.8 24  1023.8  5  9999.9  0  999.9  0    4.9 24   12.0  999.9    62.2*   48.6*  0.00I 999.9  000000 
998011 99999  20110310    54.5 24    48.1 24  1022.0  4  9999.9  0  999.9  0    5.9 24   12.0  999.9    63.3*   48.6*  0.00I 999.9  000000 
998011 99999  20110311    50.6 24    45.1 24  1021.8  4  9999.9  0  999.9  0    6.5 24   12.0  999.9    59.2*   42.4*  0.00I 999.9  000000 
998011 99999  20110312    51.5 24    43.6 24  1019.2  5  9999.9  0  999.9  0    7.4 24   12.0  999.9    62.1*   44.6*  0.00I 999.9  000000 
998011 99999  20110313    54.0 24    47.5 24  1019.8  4  9999.9  0  999.9  0    3.9 24    8.9  999.9    63.0*   49.8*  0.00I 999.9  000000 
998011 99999  20110314    57.0 24    54.9 24  9999.9  0  9999.9  0  999.9  0    5.2 24   11.1  999.9    61.9*   53.2*  0.00I 999.9  000000 
998011 99999  20110315    56.2 24    53.4 24  9999.9  0  9999.9  0  999.9  0    4.2 24    8.9  999.9    61.0*   52.9*  0.00I 999.9  000000 
998011 99999  20110316    54.0 14    52.6 14  1018.4  5  9999.9  0  999.9  0    7.3 14   12.0  999.9    58.3*   52.3*  0.00I 999.9  000000 
998011 99999  20110317    44.7  9    38.6  9  1023.2  5  9999.9  0  999.9  0    3.5  9    6.0  999.9    56.5*   39.0*  0.00I 999.9  000000 
998011 99999  20110318    50.4 20    44.1 20  9999.9  0  9999.9  0  999.9  0    9.3 20   15.9  999.9    53.4*   46.4*  0.00I 999.9  000000 
998011 99999  20110319    45.3 24    42.3 24  9999.9  0  9999.9  0  999.9  0    8.3 24   13.0  999.9    48.0*   42.3*  0.00I 999.9  000000 
998011 99999  20110320    49.0 23    45.7 23  9999.9  0  9999.9  0  999.9  0   11.6 23   25.1  999.9    50.9*   47.1*  0.00I 999.9  000000 
998011 99999  20110321    47.9 24    42.7 24  9999.9  0  9999.9  0  999.9  0    5.9 24   15.9  999.9    56.5*   43.5*  0.00I 999.9  000000 
998011 99999  20110322    49.3 24    40.9 24  1014.5  4  9999.9  0  999.9  0    6.7 24   15.0  999.9    56.1*   44.1*  0.00I 999.9  000000 
998011 99999  20110323    50.2 24    45.2 24  9999.9  0  9999.9  0  999.9  0    8.3 24   16.9  999.9    55.8*   46.8*  0.00I 999.9  000000 
998011 99999  20110324    48.2 24    43.4 24  9999.9  0  9999.9  0  999.9  0   11.1 24   18.1  999.9    53.4*   45.7*  0.00I 999.9  000000 
998011 99999  20110325    48.4 23    43.4 23  1009.2  4  9999.9  0  999.9  0    9.1 23   15.0  999.9    55.9*   43.3*  0.00I 999.9  000000 
998011 99999  20110326    49.8 20    46.1 20  9999.9  0  9999.9  0  999.9  0    8.8 20   13.0  999.9    54.7*   47.1*  0.00I 999.9  000000 
998011 99999  20110327    48.7 24    43.2 24  9999.9  0  9999.9  0  999.9  0    5.7 24   12.0  999.9    55.8*   42.4*  0.00I 999.9  000000 
998011 99999  20110328    50.6 24    43.9 24  1016.2  4  9999.9  0  999.9  0    5.8 24   11.1  999.9    61.5*   41.9*  0.00I 999.9  000000 
998011 99999  20110329    53.7 24    45.2 24  9999.9  0  9999.9  0  999.9  0    5.2 24    8.0  999.9    66.6*   46.8*  0.00I 999.9  000000 
998011 99999  20110330    60.7 24    50.0 24  9999.9  0  9999.9  0  999.9  0    6.2 24   11.1  999.9    82.0*   51.4*  0.00I 999.9  000000 
998011 99999  20110331    65.3 24    52.0 24  1019.8  4  9999.9  0  999.9  0    4.3 24    9.9  999.9    82.6*   52.3*  0.00I 999.9  000000 
998011 99999  20110401    64.8 24    54.0 24  9999.9  0  9999.9  0  999.9  0    3.4 24    8.9  999.9    78.3*   53.6*  0.00I 999.9  000000 
998011 99999  20110402    63.5 24    51.2 24  1006.0  4  9999.9  0  999.9  0    7.3 24   13.0  999.9    78.8*   55.2*  0.00I 999.9  000000 
998011 99999  20110403    57.5 24    40.6 23  1012.0  4  9999.9  0  999.9  0    4.6 24    8.9  999.9    68.5*   48.0*  0.00I 999.9  000000 
998011 99999  20110404    58.4 24    39.3 24  9999.9  0  9999.9  0  999.9  0    3.5 24    8.0  999.9    72.5*   48.6*  0.00I 999.9  000000 
998011 99999  20110405    59.7 21    43.9 21  9999.9  0  9999.9  0  999.9  0    7.4 21   14.0  999.9    73.4*   51.3*  0.00I 999.9  000000 
998011 99999  20110406    56.1 13    43.4 13  1015.2  4  9999.9  0  999.9  0   10.3 13   20.0  999.9    65.7*   47.3*  0.00I 999.9  000000 
998011 99999  20110407    50.2 24    38.3 24  9999.9  0  9999.9  0  999.9  0   12.4 24   18.1  999.9    62.8*   43.9*  0.00I 999.9  000000 
998011 99999  20110408    43.5 24    34.7 24  1008.8  4  9999.9  0  999.9  0    5.6 24   13.0  999.9    56.1*   35.6*  0.00I 999.9  000000 
998011 99999  20110409    50.2 24    34.7 24  9999.9  0  9999.9  0  999.9  0    5.1 24   13.0  999.9    62.8*   40.8*  0.00I 999.9  000000 
998011 99999  20110410    51.1 24    41.6 24  9999.9  0  9999.9  0  999.9  0    7.8 24   15.0  999.9    61.3*   41.7*  0.00I 999.9  000000 
998011 99999  20110411    53.1 24    45.1 24  1025.2  4  9999.9  0  999.9  0    8.8 24   14.0  999.9    62.4*   45.1*  0.00I 999.9  000000 
998011 99999  20110412    51.7 24    43.0 24  9999.9  0  9999.9  0  999.9  0    7.1 24   12.0  999.9    62.4*   42.4*  0.00I 999.9  000000 
998011 99999  20110413    50.1 24    39.5 24  1018.2  5  9999.9  0  999.9  0   10.5 24   15.0  999.9    60.4*   44.1*  0.00I 999.9  000000 
998011 99999  20110414    50.7 16    37.4 16  9999.9  0  9999.9  0  999.9  0    7.6 16   13.0  999.9    61.2*   42.4*  0.00I 999.9  000000 
998011 99999  20110415    55.2 24    45.9 24  9999.9  0  9999.9  0  999.9  0    8.2 24   15.0  999.9    66.9*   48.7*  0.00I 999.9  000000 
998011 99999  20110416    59.1 24    53.0 24  9999.9  0  9999.9  0  999.9  0    8.3 24   14.0  999.9    70.9*   51.8*  0.00I 999.9  000000 
998011 99999  20110417    60.2 24    54.6 24  9999.9  0  9999.9  0  999.9  0   13.0 24   18.1  999.9    70.2*   53.6*  0.00I 999.9  000000 
998011 99999  20110418    56.6 20    51.6 20  9999.9  0  9999.9  0  999.9  0    7.4 20   15.0  999.9    64.8*   52.7*  0.00I 999.9  000000 
998011 99999  20110419    58.7 24    53.3 24  9999.9  0  9999.9  0  999.9  0    5.4 24    9.9  999.9    68.4*   54.9*  0.00I 999.9  000000 
998011 99999  20110420    56.4 18    47.3 18  9999.9  0  9999.9  0  999.9  0    6.7 18   13.0  999.9    67.8*   52.2*  0.00I 999.9  000000 
998011 99999  20110421    53.9 15    46.9 15  9999.9  0  9999.9  0  999.9  0    8.3 15   12.0  999.9    62.1*   46.9*  0.00I 999.9  000000 
998011 99999  20110422    54.3 24    45.3 24  9999.9  0  9999.9  0  999.9  0    6.9 24   11.1  999.9    65.1*   47.1*  0.00I 999.9  000000 
998011 99999  20110423    53.1 24    44.8 24  9999.9  0  9999.9  0  999.9  0    7.4 24   12.0  999.9    62.8*   47.8*  0.00I 999.9  000000 
998011 99999  20110424    57.1 24    51.6 24  9999.9  0  9999.9  0  999.9  0    8.9 24   15.0  999.9    64.6*   54.0*  0.00I 999.9  000000 
998011 99999  20110425    56.7 24    48.4 24  9999.9  0  9999.9  0  999.9  0   10.6 24   15.9  999.9    64.4*   52.3*  0.00I 999.9  000000 
998011 99999  20110426    53.4 24    42.2 24  9999.9  0  9999.9  0  999.9  0    7.1 23   15.0  999.9    65.3*   43.0*  0.00I 999.9  000000 
998011 99999  20110427    54.8 24    42.1 24  1019.0  4  9999.9  0  999.9  0    8.2 24   14.0  999.9    66.7*   45.3*  0.00I 999.9  000000 
998011 99999  20110428    55.9 24    43.6 24  9999.9  0  9999.9  0  999.9  0   10.0 24   21.0  999.9    65.8*   46.2*  0.00I 999.9  000000 
998011 99999  20110429    52.5 24    33.2 24  9999.9  0  9999.9  0  999.9  0   10.1 24   19.0  999.9    66.6*   39.4*  0.00I 999.9  000000 
998011 99999  20110430    62.1 24    23.0 24  9999.9  0  9999.9  0  999.9  0   13.0 24   19.0  999.9    73.8*   53.8*  0.00I 999.9  000000 
998011 99999  20110501    62.3 24    34.9 22  1019.8  4  9999.9  0  999.9  0    4.1 24    8.9  999.9    79.0*   48.7*  0.00I 999.9  000000 
998011 99999  20110502    63.4 24    40.0 24  1020.0  5  9999.9  0  999.9  0    6.4 24   12.0  999.9    78.4*   51.3*  0.00I 999.9  000000 
998011 99999  20110503    60.5 24    44.2 24  9999.9  0  9999.9  0  999.9  0    7.5 24   14.0  999.9    77.0*   47.8*  0.00I 999.9  000000 
998011 99999  20110504    67.7 24    43.2 24  9999.9  0  9999.9  0  999.9  0    6.3 24    9.9  999.9    86.2*   55.8*  0.00I 999.9  000000 
998011 99999  20110505    71.0 24    44.7 24  1014.2  4  9999.9  0  999.9  0    3.5 24    8.9  999.9    87.1*   55.6*  0.00I 999.9  000000 
998011 99999  20110506    66.1 24    47.6 24  9999.9  0  9999.9  0  999.9  0    9.5 24   14.0  999.9    85.3*   55.0*  0.00I 999.9  000000 
998011 99999  20110507    56.1 24    46.9 24  9999.9  0  9999.9  0  999.9  0   12.0 24   19.0  999.9    65.8*   49.8*  0.00I 999.9  000000 
998011 99999  20110508    55.4 23    45.0 23  9999.9  0  9999.9  0  999.9  0   12.3 23   18.1  999.9    62.2*   49.1*  0.00I 999.9  000000 
998011 99999  20110509    55.0 22    42.8 22  1011.2  5  9999.9  0  999.9  0    6.7 22   15.9  999.9    69.1*   45.3*  0.00I 999.9  000000 
998011 99999  20110510    57.0 14    38.5 14  9999.9  0  9999.9  0  999.9  0    5.0 14   14.0  999.9    69.3*   50.0*  0.00I 999.9  000000 
998011 99999  20110511    54.3 15    47.4 15  9999.9  0  9999.9  0  999.9  0    9.6 10   12.0  999.9    63.0*   49.3*  0.00I 999.9  000000 
998011 99999  20110512    57.0 24    47.6 24  1016.0  4  9999.9  0  999.9  0  999.9  0  999.9  999.9    71.8*   47.8*  0.00I 999.9  000000 
998011 99999  20110513    57.6 24    44.6 24  9999.9  0  9999.9  0  999.9  0  999.9  0  999.9  999.9    70.2*   48.2*  0.00I 999.9  000000 
998011 99999  20110514    53.5 24    42.9 24  9999.9  0  9999.9  0  999.9  0  999.9  0  999.9  999.9    66.9*   48.2*  0.00I 999.9  000000 
998011 99999  20110515    51.3 24    42.1 24  9999.9  0  9999.9  0  999.9  0  999.9  0  999.9  999.9    57.6*   45.1*  0.00I 999.9  000000 
998011 99999  20110516    51.0 24    41.5 24  9999.9  0  9999.9  0  999.9  0  999.9  0  999.9  999.9    59.0*   43.3*  0.00I 999.9  000000 
998011 99999  20110517    51.5 24    47.8 24  1010.5  4  9999.9  0  999.9  0  999.9  0  999.9  999.9    57.6*   48.2*  0.00I 999.9  000000 
998011 99999  20110518    53.9 24    48.5 24  9999.9  0  9999.9  0  999.9  0  999.9  0  999.9  999.9    64.8*   48.7*  0.00I 999.9  000000 
998011 99999  20110519    59.4 24    48.9 24  9999.9  0  9999.9  0  999.9  0  999.9  0  999.9  999.9    75.2*   50.7*  0.00I 999.9  000000 
998011 99999  20110520    59.7 24    49.8 24  9999.9  0  9999.9  0  999.9  0   10.0  6   12.0  999.9    73.6*   51.4*  0.00I 999.9  000000 
998011 99999  20110521    59.5 24    49.4 24  9999.9  0  9999.9  0  999.9  0   10.1 23   13.0  999.9    69.6*   51.3*  0.00I 999.9  000000 
998011 99999  20110522    58.3 24    49.1 24  9999.9  0  9999.9  0  999.9  0    9.9 24   15.0  999.9    68.7*   50.2*  0.00I 999.9  000000 
998011 99999  20110523    56.5 24    45.5 24  9999.9  0  9999.9  0  999.9  0   10.8 24   16.9  999.9    68.0*   48.6*  0.00I 999.9  000000 
998011 99999  20110524    56.5 24    45.4 24  9999.9  0  9999.9  0  999.9  0    8.6 24   13.0  999.9    68.5*   45.9*  0.00I 999.9  000000 
998011 99999  20110525    54.4 24    46.8 24  9999.9  0  9999.9  0  999.9  0    8.3 24   13.0  999.9    66.9*   49.8*  0.00I 999.9  000000 
998011 99999  20110526    55.0 24    46.0 24  9999.9  0  9999.9  0  999.9  0    6.7 24   14.0  999.9    64.4*   46.6*  0.00I 999.9  000000 
998011 99999  20110527    57.0 24    48.1 24  9999.9  0  9999.9  0  999.9  0    9.3 24   14.0  999.9    66.0*   50.5*  0.00I 999.9  000000 
998011 99999  20110528    55.2 24    44.1 24  9999.9  0  9999.9  0  999.9  0    9.6 24   15.0  999.9    65.5*   48.0*  0.00I 999.9  000000 
998011 99999  20110529    52.9 24    43.4 24  9999.9  0  9999.9  0  999.9  0    7.3 24   11.1  999.9    67.6*   43.9*  0.00I 999.9  000000 
998011 99999  20110530    56.6 24    46.1 24  9999.9  0  9999.9  0  999.9  0    9.5 24   15.0  999.9    68.0*   49.8*  0.00I 999.9  000000 
998011 99999  20110531    55.2 21    46.7 21  1015.2  5  9999.9  0  999.9  0    7.5 21   12.0  999.9    61.0*   52.7*  0.00I 999.9  000000 
998011 99999  20110601    54.1 11    47.1 11  9999.9  0  9999.9  0  999.9  0    6.8 11   13.0  999.9    60.1*   46.0*  0.00I 999.9  000000 
998011 99999  20110602    54.9 24    46.5 24  1019.2  4  9999.9  0  999.9  0    7.3 24   13.0  999.9    64.0*   49.8*  0.00I 999.9  000000 
998011 99999  20110603    54.9 24    47.9 24  9999.9  0  9999.9  0  999.9  0    5.2 24    9.9  999.9    62.8*   47.5*  0.00I 999.9  000000 
998011 99999  20110604    57.8 24    50.6 24  9999.9  0  9999.9  0  999.9  0    9.6 24   15.9  999.9    62.4*   54.0*  0.00I 999.9  000000 
998011 99999  20110605    58.4 24    53.9 24  9999.9  0  9999.9  0  999.9  0    5.3 24   14.0  999.9    64.0*   52.5*  0.00I 999.9  000000 
998011 99999  20110606    57.2 24    51.6 24  9999.9  0  9999.9  0  999.9  0    7.9 24   11.1  999.9    62.4*   54.0*  0.00I 999.9  000000 
998011 99999  20110607    57.9 23    52.6 23  1017.2  4  9999.9  0  999.9  0    5.3 23    9.9  999.9    72.0*   50.7*  0.00I 999.9  000000 
